     log rho          log P                log T     (all c.g.s)
     -3.37418       6.5622816      2.37672
     -3.33418       6.6200714      2.39440
     -3.29418       6.6777644      2.41196
     -3.25418       6.7353740      2.42943
     -3.21418       6.7929115      2.44680
     -3.17418       6.8503881      2.46410
     -3.13418       6.9078174      2.48134
     -3.09418       6.9652119      2.49853
     -3.05418       7.0225854      2.51568
     -3.01418       7.0799479      2.53279
     -2.97418       7.1373086      2.54987
     -2.93418       7.1946731      2.56694
     -2.89418       7.2520485      2.58399
     -2.85418       7.3094468      2.60103
     -2.81418       7.3668771      2.61807
     -2.77418       7.4243445      2.63511
     -2.73418       7.4818535      2.65215
     -2.69418       7.5394092      2.66919
     -2.65418       7.5970178      2.68624
     -2.61418       7.6546850      2.70329
     -2.57418       7.7124186      2.72036
     -2.53418       7.7702260      2.73744
     -2.49418       7.8281078      2.75452
     -2.45418       7.8860698      2.77162
     -2.41418       7.9441204      2.78873
     -2.37418       8.0022664      2.80585
     -2.33418       8.0605130      2.82297
     -2.29418       8.1188679      2.84009
     -2.25418       8.1773343      2.85723
     -2.21418       8.2359154      2.87436
     -2.17418       8.2946227      2.89149
     -2.13418       8.3534696      2.90861
     -2.09418       8.4124601      2.92572
     -2.05418       8.4715977      2.94282
     -2.01418       8.5308976      2.95989
     -1.97418       8.5903752      2.97695
     -1.93418       8.6500428      2.99398
     -1.89418       8.7099111      3.01097
     -1.85418       8.7699919      3.02793
     -1.81418       8.8302987      3.04485
     -1.77418       8.8908591      3.06172
     -1.73418       8.9517066      3.07854
     -1.69418       9.0128651      3.09533
     -1.65418       9.0743551      3.11207
     -1.61418       9.1362128      3.12876
     -1.57418       9.1985080      3.14542
     -1.53418       9.2612472      3.16204
     -1.49418       9.3244784      3.17862
     -1.45418       9.3882623      3.19517
     -1.41418       9.4526665      3.21171
     -1.37418       9.5176830      3.22822
     -1.33418       9.5834408      3.24473
     -1.29418       9.6499813      3.26122
     -1.25418       9.7174058      3.27777
     -1.21418       9.7857230      3.29431
     -1.17418       9.8773713      3.31924
     -1.13418       9.9434946      3.33466
     -1.09418       10.008600      3.35002
     -1.05418       10.071882      3.36498
     -1.01418       10.136721      3.37956
    -0.974182       10.201397      3.39423
    -0.934181       10.271842      3.40984
    -0.894180       10.346353      3.42706
    -0.854179       10.426511      3.44587
    -0.814180       10.510545      3.46484
    -0.774179       10.600973      3.48282
    -0.734180       10.696356      3.50033
    -0.694180       10.793790      3.51802
    -0.654179       10.889862      3.53610
    -0.614181       10.985875      3.55411
    -0.574181       11.079181      3.57087
    -0.534180       11.164353      3.58445
    -0.494180       11.243038      3.59469
    -0.454180       11.322219      3.60331
    -0.414181       11.401401      3.61077
    -0.374180       11.480007      3.61726
    -0.334180       11.555094      3.62308
    -0.294180       11.629410      3.62846
    -0.254180       11.705008      3.63419
    -0.214181       11.783904      3.64242
    -0.174180       11.868644      3.65582
    -0.134180       11.960471      3.67672
   -0.0941804       12.060698      3.70406
   -0.0541805       12.158362      3.73381
   -0.0141803       12.262451      3.76449
    0.0258197       12.359835      3.79506
    0.0658198       12.454845      3.82439
     0.105820       12.547775      3.85254
     0.145820       12.641474      3.88006
     0.185820       12.732394      3.90721
     0.225820       12.822822      3.93436
     0.265820       12.910624      3.96277
     0.305820       12.998695      3.99300
     0.345820       13.086360      4.02272
     0.385820       13.170262      4.05151
     0.425820       13.252853      4.07948
     0.465820       13.336460      4.10700
     0.505820       13.419956      4.13464
     0.545820       13.501059      4.16288
     0.585820       13.583199      4.19069
     0.625820       13.662758      4.21748
     0.665820       13.741939      4.24318
     0.705820       13.820201      4.26829
     0.745820       13.898176      4.29398
     0.785820       13.976808      4.32213
     0.825820       14.056905      4.35207
     0.865820       14.133539      4.38134
     0.905820       14.209515      4.40872
     0.945820       14.285557      4.43372
     0.985820       14.357935      4.45659
      1.02582       14.429752      4.47888
      1.06582       14.502427      4.50165
      1.10582       14.574031      4.52570
      1.14582       14.648360      4.55181
      1.18582       14.721811      4.57887
      1.22582       14.794488      4.60507
      1.26582       14.868056      4.62973
      1.30582       14.942008      4.65357
      1.34582       15.014844      4.69054
      1.38582       15.087080      4.71573
      1.42582       15.159095      4.74088
      1.46582       15.230896      4.76601
      1.50582       15.302497      4.79113
      1.54582       15.373902      4.81617
      1.58582       15.445109      4.84105
      1.62582       15.516136      4.86590
      1.66582       15.586999      4.89084
      1.70582       15.657698      4.91581
      1.74582       15.728225      4.94064
      1.78582       15.798586      4.96534
      1.82582       15.868802      4.99008
      1.86582       15.938878      5.01489
      1.90582       16.008805      5.03962
      1.94582       16.078581      5.06423
      1.98582       16.148221      5.08885
      2.02582       16.217731      5.11356
      2.06582       16.287108      5.13822
      2.10582       16.356348      5.16274
      2.14582       16.425462      5.18727
      2.18582       16.494457      5.21188
